-0.326863 -0.318813 -0.330772 -0.332608 -0.335022 -0.333831 -0.340024 -0.338109 -0.340091 -0.332240 -0.339011 -0.334857 -0.331868 -0.329727 -0.328191 -0.327093 -0.326310 -0.325754 -0.325361 -0.325085
-0.329554 -0.332046 -0.321136 -0.325639 -0.342246 -0.333299 -0.329130 -0.329205 -0.332635 -0.338638 -0.332359 -0.327781 -0.338459 -0.335993 -0.334228 -0.332978 -0.332098 -0.331482 -0.331055 -0.330761
-0.329022 -0.336737 -0.330486 -0.332531 -0.322730 -0.319139 -0.335268 -0.340246 -0.333726 -0.340549 -0.335959 -0.332295 -0.329452 -0.339798 -0.338168 -0.336965 -0.336088 -0.335458 -0.335010 -0.334694
-0.330325 -0.334092 -0.332449 -0.335990 -0.334426 -0.333178 -0.337680 -0.331291 -0.331336 -0.330390 -0.338437 -0.337097 -0.335785 -0.334606 -0.333604 -0.332785 -0.332134 -0.331631 -0.331249 -0.330964
-0.331548 -0.334704 -0.329938 -0.337224 -0.337498 -0.330759 -0.333240 -0.335427 -0.337031 -0.338026 -0.330312 -0.330366 -0.330180 -0.338207 -0.337868 -0.337518 -0.337189 -0.336897 -0.336649 -0.336446
-0.332545 -0.335844 -0.330213 -0.335856 -0.333631 -0.332799 -0.332816 -0.333219 -0.333703 -0.334105 -0.334362 -0.334470 -0.334454 -0.334349 -0.334188 -0.334000 -0.333807 -0.333622 -0.333456 -0.333311
-0.333346 -0.336994 -0.331199 -0.336311 -0.333058 -0.330991 -0.329774 -0.329099 -0.337716 -0.337423 -0.337207 -0.337018 -0.336831 -0.336643 -0.336454 -0.336270 -0.336096 -0.335938 -0.335797 -0.335675
-0.333995 -0.338036 -0.332333 -0.337330 -0.333668 -0.331032 -0.329193 -0.337238 -0.336279 -0.335585 -0.335062 -0.334650 -0.334312 -0.334026 -0.333779 -0.333564 -0.333378 -0.333217 -0.333079 -0.332963
-0.334528 -0.329023 -0.333441 -0.328723 -0.334695 -0.331814 -0.329669 -0.337550 -0.336316 -0.335387 -0.334677 -0.334122 -0.333680 -0.333322 -0.333027 -0.332783 -0.332581 -0.332412 -0.332273 -0.332157
-0.334972 -0.329814 -0.334471 -0.329840 -0.335845 -0.332872 -0.330590 -0.328849 -0.337040 -0.335979 -0.335157 -0.334514 -0.334005 -0.333599 -0.333272 -0.333007 -0.332791 -0.332616 -0.332473 -0.332357
-0.335346 -0.330508 -0.335408 -0.330907 -0.336997 -0.334013 -0.331680 -0.329867 -0.328461 -0.336939 -0.336057 -0.335364 -0.334817 -0.334381 -0.334034 -0.333755 -0.333532 -0.333352 -0.333207 -0.333091
-0.335666 -0.331119 -0.336255 -0.331902 -0.338100 -0.335147 -0.332811 -0.330975 -0.329536 -0.338045 -0.337136 -0.336420 -0.335853 -0.335404 -0.335047 -0.334762 -0.334534 -0.334352 -0.334207 -0.334091
-0.335941 -0.331660 -0.337020 -0.332822 -0.329293 -0.336237 -0.333923 -0.332092 -0.330646 -0.329507 -0.328608 -0.337550 -0.336976 -0.336521 -0.336160 -0.335873 -0.335645 -0.335464 -0.335319 -0.335204
-0.336180 -0.332141 -0.337710 -0.333666 -0.330236 -0.337265 -0.334991 -0.333179 -0.331742 -0.330605 -0.329705 -0.328994 -0.328431 -0.337660 -0.337300 -0.337013 -0.336786 -0.336606 -0.336463 -0.336350
-0.336389 -0.332572 -0.338336 -0.334440 -0.331116 -0.338228 -0.335998 -0.334217 -0.332799 -0.331672 -0.330780 -0.330073 -0.329513 -0.329069 -0.328717 -0.328438 -0.337918 -0.337740 -0.337599 -0.337488
-0.336574 -0.332959 -0.328952 -0.335151 -0.331931 -0.329266 -0.336944 -0.335197 -0.333803 -0.332694 -0.331813 -0.331114 -0.330560 -0.330122 -0.329774 -0.329499 -0.329281 -0.329108 -0.328972 -0.328864
-0.336738 -0.333309 -0.329464 -0.335804 -0.332685 -0.330095 -0.337838 -0.336119 -0.334750 -0.333660 -0.332794 -0.332107 -0.331561 -0.331129 -0.330787 -0.330516 -0.330302 -0.330133 -0.329999 -0.329893
-0.336884 -0.333626 -0.329933 -0.336405 -0.333385 -0.330868 -0.328807 -0.336992 -0.335644 -0.334572 -0.333720 -0.333045 -0.332509 -0.332085 -0.331749 -0.331483 -0.331273 -0.331107 -0.330976 -0.330872
-0.337015 -0.333915 -0.330363 -0.336959 -0.334035 -0.331587 -0.329579 -0.337816 -0.336493 -0.335437 -0.334597 -0.333932 -0.333405 -0.332988 -0.332658 -0.332397 -0.332190 -0.332028 -0.331899 -0.331798
-0.337134 -0.334179 -0.330760 -0.337471 -0.334638 -0.332260 -0.330304 -0.328713 -0.337295 -0.336259 -0.335432 -0.334777 -0.334257 -0.333846 -0.333521 -0.333264 -0.333061 -0.332901 -0.332775 -0.332676
